=== PointNet — torchinfo ===

=============================================================================================================================
Layer (type (var_name))                       Input Shape          Output Shape         Param #              Mult-Adds
=============================================================================================================================
PointNetSegmentation (PointNetSegmentation)   [1, 4096, 9]         [1, 4096, 11]        --                   --
├─TNet (input_transform)                      [1, 3, 4096]         [1, 3, 3]            --                   --
│    └─Conv1d (conv1)                         [1, 3, 4096]         [1, 64, 4096]        256                  1,048,576
│    └─BatchNorm1d (bn1)                      [1, 64, 4096]        [1, 64, 4096]        128                  128
│    └─Conv1d (conv2)                         [1, 64, 4096]        [1, 128, 4096]       8,320                34,078,720
│    └─BatchNorm1d (bn2)                      [1, 128, 4096]       [1, 128, 4096]       256                  256
│    └─Conv1d (conv3)                         [1, 128, 4096]       [1, 1024, 4096]      132,096              541,065,216
│    └─BatchNorm1d (bn3)                      [1, 1024, 4096]      [1, 1024, 4096]      2,048                2,048
│    └─Linear (fc1)                           [1, 1024]            [1, 512]             524,800              524,800
│    └─LayerNorm (ln4)                        [1, 512]             [1, 512]             1,024                1,024
│    └─Linear (fc2)                           [1, 512]             [1, 256]             131,328              131,328
│    └─LayerNorm (ln5)                        [1, 256]             [1, 256]             512                  512
│    └─Linear (fc3)                           [1, 256]             [1, 9]               2,313                2,313
├─Conv1d (conv1)                              [1, 9, 4096]         [1, 64, 4096]        640                  2,621,440
├─BatchNorm1d (bn1)                           [1, 64, 4096]        [1, 64, 4096]        128                  128
├─Conv1d (conv2)                              [1, 64, 4096]        [1, 64, 4096]        4,160                17,039,360
├─BatchNorm1d (bn2)                           [1, 64, 4096]        [1, 64, 4096]        128                  128
├─TNet (feature_transform)                    [1, 64, 4096]        [1, 64, 64]          --                   --
│    └─Conv1d (conv1)                         [1, 64, 4096]        [1, 64, 4096]        4,160                17,039,360
│    └─BatchNorm1d (bn1)                      [1, 64, 4096]        [1, 64, 4096]        128                  128
│    └─Conv1d (conv2)                         [1, 64, 4096]        [1, 128, 4096]       8,320                34,078,720
│    └─BatchNorm1d (bn2)                      [1, 128, 4096]       [1, 128, 4096]       256                  256
│    └─Conv1d (conv3)                         [1, 128, 4096]       [1, 1024, 4096]      132,096              541,065,216
│    └─BatchNorm1d (bn3)                      [1, 1024, 4096]      [1, 1024, 4096]      2,048                2,048
│    └─Linear (fc1)                           [1, 1024]            [1, 512]             524,800              524,800
│    └─LayerNorm (ln4)                        [1, 512]             [1, 512]             1,024                1,024
│    └─Linear (fc2)                           [1, 512]             [1, 256]             131,328              131,328
│    └─LayerNorm (ln5)                        [1, 256]             [1, 256]             512                  512
│    └─Linear (fc3)                           [1, 256]             [1, 4096]            1,052,672            1,052,672
├─Conv1d (conv3)                              [1, 64, 4096]        [1, 128, 4096]       8,320                34,078,720
├─BatchNorm1d (bn3)                           [1, 128, 4096]       [1, 128, 4096]       256                  256
├─Conv1d (conv4)                              [1, 128, 4096]       [1, 1024, 4096]      132,096              541,065,216
├─BatchNorm1d (bn4)                           [1, 1024, 4096]      [1, 1024, 4096]      2,048                2,048
├─Conv1d (conv5)                              [1, 1088, 4096]      [1, 512, 4096]       557,568              2,283,798,528
├─BatchNorm1d (bn5)                           [1, 512, 4096]       [1, 512, 4096]       1,024                1,024
├─Conv1d (conv6)                              [1, 512, 4096]       [1, 256, 4096]       131,328              537,919,488
├─BatchNorm1d (bn6)                           [1, 256, 4096]       [1, 256, 4096]       512                  512
├─Conv1d (conv7)                              [1, 256, 4096]       [1, 128, 4096]       32,896               134,742,016
├─BatchNorm1d (bn7)                           [1, 128, 4096]       [1, 128, 4096]       256                  256
├─Dropout (dropout)                           [1, 128, 4096]       [1, 128, 4096]       --                   --
├─Conv1d (conv8)                              [1, 128, 4096]       [1, 11, 4096]        1,419                5,812,224
=============================================================================================================================
Total params: 3,533,204
Trainable params: 3,533,204
Non-trainable params: 0
Total mult-adds (Units.GIGABYTES): 4.73
=============================================================================================================================
Input size (MB): 0.15
Forward/backward pass size (MB): 302.41
Params size (MB): 14.13
Estimated Total Size (MB): 316.69
=============================================================================================================================